288183470526742136,
287902201607837064,
287340487062907475,
286499969462632313,
285383102652729033,
283993139818084544,
282334117695031280,
280410837038997601,
278228839479800490,
275794380920736143,
273114401660157545,
270196493435219057,
267048863606744063,
263680296721578562,
260100113704196527,
256318128942607721,
252344605544693348,
248190209049889398,
243865959887605284,
239383184877882388,
234753468071563162,
229988601226678397,
225100534214912687,
220101325646941490,
215003093998233479,
209817969507683788,
204558047110309619,
199235340652337416,
193861738622492558,
188448961617332198,
183008521741213691,
177551684123146975,
172089430713527126,
166632426503774664,
161190988291419058,
155775056092337767,
150394167280899064,
145057433517837244,
139773520504992815,
134550630585749066,
129396488190251655,
124318328105460338,
119322886531890179,
114416394871679164,
109604576176481505,
104892644168727949,
100285304736097958,
95786759786680182,
91400713341308204,
87130379729983962,
82978493751162208,
78947322645972054,
75038679734188111,
71253939554912924,
67594054352460594,
64059571746793576,
60650653428005010,
57367094715692528,
54208344826563021,
51173527697160965,
48261463213139462,
45470688701902170,
42799480551641634,
40245875826688411,
37807693756568249,
35482556984143468,
33267912466592861,
31161051931666915,
29159131800549734,
27259192497677261,
25458177076918792,
23752949102546073,
22140309732317351,
20617013958724476,
19179785972927494,
17825333624077474,
16550361954555521,
15351585799091564,
14225741442734711,
13169597339198393,
12179963897175190,
11253702347791319,
10387732711438328,
9579040886774156,
8824684888727315,
8121800265871015,
7467604730567867,
6859402037833184,
6294585150942639,
5770638733437649,
5285141008381805,
4835765026518306,
4420279385398197,
4036548441619685,
3682532058068699,
3356284927509297,
3055955513068920,
2779784645127302,
2526103812877914,
2293333187415598,
2079979411640916,
1884633190587129,
1705966713994702,
1542730941104615,
1393752775737675,
1257932157793186,
1134239095355640,
1021710659659824,
919447963248523,
826613139776556,
742426342082540,
666162773375914,
597149764680477,
534763910044240,
478428269474965,
427609648095751,
381815958639030,
340593673112346,
303525368276552,
270227368476709,
240347488357219,
213562877074227,
189577964787779,
168122511471001,
148949757410428,
131834674186914,
116572314416388,
102976258089946,
90877152978909,
80121346258260,
70569604246592,
62095916957983,
54586384006510,
47938178293073,
42058583832561,
36864104042985,
32279636813161,
28237712688023,
24677792557144,
21545621299261,
18792633920329,
16375410822083,
14255178949516,
12397355686724,
10771132498979,
9349095452657,
8106879882021,
7022856611209,
6077847279728,
5254866459079,
4538888385765,
3916636270964,
3376392278884,
2907826393494,
2501842516647,
2150440258922,
1846590997813,
1584126885689,
1357641592304,
1162401663436,
994267468406,
849622794923,
725312229936,
618585540124,
527048335405,
448618363687,
381486845101,
324084309434,
275050451617,
233207567153,
197537172514,
167159455046,
141315232999,
119350139222,
100700771943,
84882583293,
71479300793,
60133699316,
50539561151,
42434679860,
35594779948,
29828238950,
24971511661,
20885167946,
17450466015,
14566392410,
12147108208,
10119748372,
8422527666,
7003112408,
5817222393,
4827431898,
4002142639,
3314705045,
2742667335,
2267134562,
1872222155,
1544590577,
1273049530,
1048221684,
862257334,
708592535,
581744342,
477137643,
390958909,
320032780,
261718085,
213820294