1149926128660118987,
1132121197204842458,
1097334115495913235,
1047147402975126873,
983783959360070418,
909943929160095736,
828614451268564301,
742870906104185422,
655687901601058615,
569775751889478189,
487454097699281336,
410569284867987594,
340456909468426428,
277946245388355206,
223399620667421524,
176777508293371677,
137719215138971493,
105629450477691860,
79762443288046794,
59297286535580189,
43400439843178993,
31273491922999380,
22186129919280398,
15495644812595877,
10655177158489734,
7213310257327362,
4807634688546325,
3154650218483533,
2037951592295434,
1296162368504637,
811610841690224,
500333004103677,
303664020441743,
181447250175130,
106740763357589,
61820579378652,
35249964444865,
19788238395537,
10936501447946,
5950761139242,
3187788033389,
1681237853626,
872954646330,
446248727457,
224587241119,
111279698505,
54283715005,
26070294366,
12326649581,
5738083946,
2629731854,
1186530068