576085672134579200,
573840456525539788,
569376242470813577,
562744954734028881,
554023220400536633,
543310895095376602,
530729160328322625,
516418242646804248,
500534814594582746,
483249144765487673,
464742069298241559,
445201859861854177,
424821063505917267,
403793387762647034,
382310700239824756,
360560205864360665,
338721857217301790,
316966044383756826,
295451600798736308,
274324151090741881,
253714816295711993,
233739281403569342,
214497220345209454,
196072064522778140,
178531093071292166,
161925816397134262,
146292619289101035,
131653626099254171,
118017748143697539,
105381872523723986,
93732151915041632,
83045356378330045,
73290250740711717,
64428964398259776,
56418324298226995,
49211126179464865,
42757323691041827,
37005119597004967,
31901947753647085,
27395338781933104,
23433666244966509,
19966773598212484,
16946485154598329,
14327006768401051,
12065223884380288,
10120906034900110,
8456827827017881,
7038816985577996,
5835740158196222,
4819437000293512,
3964612602228045,
3248697655099317,
2651684933530861,
2155949755015464,
1746061103025079,
1408589115458454,
1131913674724717,
906037917570716,
722409631751376,
573752736753261,
453910365431445,
357700476258779,
280784431597342,
219548572506335,
170998499237169,
132665521204574,
102524562299583,
78922687875546,
60517349501184,
46223413856405,
35168044742412,
26652534636240,
20120227951635,
15129736493230,
11332713738807,
8455524656729,
6284218672378,
4652282775568,
3430717883502,
2520043255740,
1843890263329,
1343897770060,
975666699092,
705571154534,
508258018770,
364696627560,
260665372221,
185583355236,
131613000108,
92974241011,
65423018898,
45856679607,
32016858425,
22266856580,
15425640075,
10644654291,
7316847684,
5009801897,
3416812732,
2321271214,
1570849869,
1058881985,
710991689,
475538380