72056861036886923,
72052463191696267,
72043668306539409,
72030477991619537,
72012894661627252,
71990921535003833,
71964562632959425,
71933822778246553,
71898707593689499,
71859223500470155,
71815377716171100,
71767178252576722,
71714633913233328,
71657754290769289,
71596549763976348,
71531031494653348,
71461211424213713,
71387102270058133,
71308717521713995,
71226071436743192,
71139179036420058,
71048056101181265,
70952719165849594,
70853185514633627,
70749473175905457,
70641600916758645,
70529588237348698,
70413455365018480,
70293223248211028,
70168913550172324,
70040548642446696,
69908151598167553,
69771746185146307,
69631356858762338,
69487008754657019,
69338727681234825,
69186540111974676,
69030473177554711,
68870554657793777,
68706812973412980,
68539277177620719,
68367976947524682,
68192942575374373,
68014204959637771,
67831795595915805,
67645746567698378,
67456090536965753,
67262860734639122,
67066090950884297,
66865815525272458,
66662069336801971,
66454887793785336,
66244306823605357,
66030362862344694,
65813092844292950,
65592534191335562,
65368724802228712,
65141703041764593,
64911507729831323,
64678178130371898,
64441753940246547,
64202275278002911,
63959782672558486,
63714317051799778,
63465919731102652,
63214632401778373,
62960497119449830,
62703556292362492,
62443852669634591,
62181429329451102,
61916329667206045,
61648597383597661,
61378276472681013,
61105411209882553,
60830046139981207,
60552226065060511,
60271996032436324,
59989401322564653,
59704487436934085,
59417300085947325,
59127885176796321,
58836288801335433,
58542557223957085,
58246736869474322,
57948874311014653,
57649016257929559,
57347209543723994,
57043501114010191,
56737938014490037,
56430567378970277,
56121436417414722,
55810592404037650,
55498082665442518,
55183954568810059,
54868255510139814,
54551032902549099,
54232334164633331,
53912206708891643,
53590697930221609,
53267855194486895,
52943725827161572,
52618357102054777,
52291796230119357,
51964090348348082,
51635286508760914,
51305431667486822,
50974572673943505,
50642756260118378,
50310029029954069,
49976437448841633,
49642027833224626,
49306846340317088,
48970938957938443,
48634351494468248,
48297129568923634,
47959318601162233,
47620963802213307,
47282110164739708,
46942802453633244,
46603085196745939,
46263002675759593,
45922598917196000,
45581917683570068,
45241002464688031,
44899896469092868,
44558642615658950,
44217283525337864,
43875861513057292,
43534418579774731,
43192996404687774,
42851636337602573,
42510379391462049,
42169266235035311,
41828337185769687,
41487632202806666,
41147190880163000,
40807052440078099,
40467255726528801,
40127839198912518,
39788840925899640,
39450298579456069,
39112249429036597,
38774730335949836,
38437777747895265,
38101427693672939,
37765715778066273,
37430677176898285,
37096346632261567,
36762758447922198,
36429946484897735,
36097944157209333,
35766784427807977,
35436499804674746,
35107122337094922,
34778683612105735,
34451214751117413,
34124746406707165,
33799308759585657,
33474931515735446,
33151643903720798,
32829474672168232,
32508452087417065,
32188603931339182,
31869957499327176,
31552539598449940,
31236376545774744,
30921494166854753,
30607917794380901,
30295672266996944,
29984781928276508,
29675270625860830,
29367161710755896,
29060478036787577,
28755241960213334,
28451475339489021,
28149199535189232,
27848435410079617,
27549203329339545,
27251523160933419,
26955414276128924,
26660895550160454,
26367985363035887,
26076701600484873,
25787061655046734,
25499082427296049,
25212780327203961,
24928171275633195,
24645270705964753,
24364093565854222,
24084654319115573,
23806966947730347,
23531044953980040,
23256901362699506,
22984548723649178,
22713999114003836,
22445264140955684,
22178354944429442,
21913282199907138,
21650056121360285,
21388686464287097,
21129182528852371,
20871553163127684,
20615806766429478,
20361951292752675,
20109994254297363,
19859942725086168,
19611803344669845,
19365582321918678,
19121285438897218,
18878918054819927,
18638485110085255,
18399991130385710,
18163440230891448,
17928836120504933,
17696182106184211,
17465481097332332,
17236735610250479,
17009947772652360,
16785119328237404,
16562251641320352,
16341345701514797,
16122402128468266,
15905421176646435,
15690402740164079,
15477346357660381,
15266251217216220,
15057116161311094,
14849939691817316,
14644719975029191,
14441454846724834,
14240141817258357,
14040778076680146,
13843360499882986,
13647885651771787,
13454349792454715,
13262748882453532,
13073078587930982,
12885334285933077,
12699511069644173,
12515603753652734,
12333606879225717,
12153514719589546,
11975321285215645,
11799020329108553,
11624605352094660,
11452069608109627,
11281406109482593,
11112607632215290,
10945666721254235,
10780575695754166,
10617326654330960,
10455911480302274,
10296321846914179,
10138549222552125,
9982584875934553,
9828419881287554,
9676045123498968,
9525451303250386,
9376628942125508,
9229568387693387,
9084259818565092,
8940693249422378,
8798858536016957,
8658745380139041,
8520343334553816,
8383641807904578,
8248630069581267,
8115297254553200,
7983632368164802,
7853624290893207,
7725261783066612,
7598533489542294,
7473427944343270,
7349933575252575,
7228038708364193,
7107731572589696,
6989000304119690,
6871832950839205,
6756217476696170,
6642141766022196,
6529593627804883,
6418560799910917,
6309030953259256,
6200991695943735,
6094430577304461,
5989335091947374,
5885692683711424,
5783490749582814,
5682716643555800,
5583357680439570,
5485401139610764,
5388834268711217,
5293644287290532,
5199818390393141,
5107343752089522,
5016207528951281,
4926396863469827,
4837898887418409,
4750700725157301,
4664789496881956,
4580152321813971,
4496776321334741,
4414648622061698,
4333756358867063,
4254086677839055,
4175626739185546,
4098363720080147,
4022284817450773,
3947377250710705,
3873628264432257,
3801025130963116,
3729555152985486,
3659205666018176,
3589964040861790,
3521817685987206,
3454754049867539,
3388760623253828,
3323824941394669,
3259934586200074,
3197077188349822,
3135240429346619,
3074412043514363,
3014579819941861,
2955731604372346,
2897855301039154,
2840938874447957,
2784970351105929,
2729937821198279,
2675829440212556,
2622633430511183,
2570338082852662,
2518931757861927,
2468402887450301,
2418739976185577,
2369931602612701,
2321966420525576,
2274833160190513,
2228520629521854,
2183017715210322,
2138313383804626,
2094396682746908,
2051256741362575,
2008882771805109,
1967264069956423,
1926390016283367,
1886250076650967,
1846833803093001,
1808130834540532,
1770130897508983,
1732823806744406,
1696199465829534,
1660247867750261,
1624959095423177,
1590323322184776,
1556330812242994,
1522971921091691,
1490237095888740,
1458116875798341,
1426601892298220,
1395682869452347,
1365350624149826,
1335596066310588,
1306410199058545,
1277784118862846,
1249709015647876,
1222176172872636,
1195176967580166,
1168702870417628,
1142745445627699,
1117296351011917,
1092347337866600,
1067890250891980,
1043917028075184,
1020419700547677,
997390392417800,
974821320579023,
952704794494519,
931033215958686,
909799078836210,
888994968779284,
868613562923579,
848647629563559,
829090027807733,
809933707214427,
791171707408657,
772797157680676,
754803276566764,
737183371412823,
719930837921340,
703039159682260,
686501907688320,
670312739835381,
654465400408300,
638953719552844,
623771612734202,
608913080182569,
594372206326345,
580143159213417,
566220189921040,
552597631954796,
539269900637099,
526231492485738,
513476984582905,
501001033935173,
488798376824881,
476863828153351,
465192280776391,
453778704832506,
442618147064233,
431705730133018,
421036651928044,
410606184869407,
400409675206021,
390442542308660,
380700277958486,
371178445631448,
361872679778918,
352778685104898,
343892235840166,
335209175013692,
326725413721648,
318436930394356,
310339770061469,
302430043615714,
294703927075487,
287157660846601,
279787548983481,
272589958450071,
265561318380745,
258698119341482,
251996912591561,
245454309346035,
239066980039232,
232831653589514,
226745116665539,
220804212954238,
215005842430745,
209346960630468,
203824577923538,
198435758791806,
193177621108607,
188047335421459,
183042124237893,
178159261314581,
173396070949929,
168749927280314,
164218253580094,
159798521565578,
155488250703068,
151285007521139,
147186404927274,
143190101528995,
139293800959604,
135495251208668,
131792243957338,
128182613918631,
124664238182770,
121235035567677,
117892965974721,
114636029749797,
111462267049836,
108369757214808,
105356618145311,
102421005685796,
99561113013514,
96775170033232,
94061442777782,
91418232814502,
88843876657600,
86336745186511,
83895243070273,
81517808197961,
79202911115220,
76949054466927,
74754772446002,
72618630248403,
70539223534313,
68515177895556,
66545148329233,
64627818717608,
62761901314244,
60946136236395,
59179290963665,
57460159842915,
55787563599445,
54160348854412,
52577387648507,
51037576971862,
49539838300178,
48083117137069,
46666382562589,
45288626787943,
43948864716343,
42646133509993,
41379492163188,
40148021081477,
38950821666891,
37787015909180,
36655745983043,
35556173851314,
34487480874060,
33448867423579,
32439552505224,
31458773384051,
30505785217226,
29579860692157,
28680289670316,
27806378836690,
26957451354834,
26132846527473,
25331919462601,
24554040745038,
23798596113393,
23064986142381,
22352625930455,
21660944792680,
20989385958829,
20337406276615,
19704475920039,
19090078102777,
18493708796559,
17914876454495,
17353101739284,
16807917256254,
16278867291176,
15765507552804,
15267404920076,
14784137193927,
14315292853654,
13860470817784,
13419280209372,
12991340125699,
12576279412288,
12173736441195,
11783358893519,
11404803546072,
11037736062145,
10681830786334,
10336770543344,
10002246440739,
9677957675564,
9363611344796,
9058922259562,
8763612763063,
8477412552171,
8200058502614,
7931294497722,
7670871260654,
7418546190083,
7174083199253,
6937252558376,
6707830740311,
6485600269472,
6270349573905,
6061872840500,
5859969873267,
5664445954640,
5475111709752,
5291782973625,
5114280661243,
4942430640438,
4776063607554,
4615014965837,
4459124706499,
4308237292420,
4162201544427,
4020870530108,
3884101455129,
3751755556985,
3623698001160,
3499797779638,
3379927611734,
3263963847190,
3151786371500,
3043278513418,
2938326954615,
2836821641431,
2738655698692,
2643725345551,
2551929813306,
2463171265165,
2377354717913,
2294387965445,
2214181504133,
2136648459975,
2061704517517,
1989267850474,
1919259054054,
1851601078919,
1786219166774,
1723040787523,
1661995577992,
1603015282152,
1546033692836,
1490986594904,
1437811709835,
1386448641700,
1336838824509,
1288925470876,
1242653521994,
1197969598886,
1154821954888,
1113160429369,
1072936402623,
1034102751938,
996613808798,
960425317196,
925494393033,
891779484585,
859240334003,
827837939822,
797534520473,
768293478750,
740079367227,
712857854599,
686595692919,
661260685722,
636821656997,
613248421007,
590511752922,
568583360253,
547435855060,
527042726929,
507378316680,
488417790807,
470137116622,
452513038084,
435523052300,
419145386687,
403358976762,
388143444564,
373479077677,
359346808843,
345728196161,
332605403832,
319961183468,
307778855921,
296042293643,
284735903540,
273844610331,
263353840378,
253249505990,
243517990179,
234146131860,
225121211486,
216430937097,
208063430786,
200007215554,
192251202564,
184784678763,
177597294871,
170679053738,
164020299034,
157611704286,
151444262244,
145509274561,
139798341787,
134303353671,
129016479744,
123930160203,
119037097059,
114330245568,
109802805912,
105448215148,
101260139391,
97232466252,
93359297501,
89634941957,
86053908608,
82610899936,
79300805451,
76118695438,
73059814888,
70119577625,
67293560620,
64577498484,
61967278131,
59458933622,
57048641157,
54732714243,
52507599006,
50369869660,
48316224114,
46343479734,
44448569224,
42628536659,
40880533631,
39201815532,
37589737954,
36041753204,
34555406938,
33128334903,
31758259786,
30442988170,
29180407589,
27968483676,
26805257417,
25688842483,
24617422664,
23589249378,
22602639270,
21655971893,
20747687458,
19876284672,
19040318641,
18238398847,
17469187192,
16731396112,
16023786753,
15345167208,
14694390820,
14070354534,
13471997319,
12898298629,
12348276930,
11820988273,
11315524916,
10831013992,
10366616232,
9921524721,
9494963710,
9086187456,
8694479115,
8319149668,
7959536884,
7615004327,
7284940386,
6968757352,
6665890518,
6375797322,
6097956505,
5831867317,
5577048737,
5333038733,
5099393533,
4875686943,
4661509671,
4456468686,
4260186598,
4072301060,
3892464189,
3720342017,
3555613949,
3397972255,
3247121569,
3102778414,
2964670741,
2832537485,
2706128141,
2585202350,
2469529506,
2358888374,
2253066722,
2151860974,
2055075862,
1962524108,
1874026100,
1789409600,
1708509443,
1631167265,
1557231226,
1486555757,
1419001306,
1354434104,
1292725925,
1233753875,
1177400168,
1123551930,
1072100997,
1022943725,
975980809,
931117108,
888261477,
847326603,
808228851,
770888113,
735227668,
701174039,
668656863,
637608765,
607965231,
579664495,
552647425,
526857412,
502240268,
478744127,
456319346,
434918414,
414495866,
395008194,
376413766,
358672751,
341747042,
325600180,
310197291,
295505017,
281491451,
268126077,
255379711,
243224445,
231633593,
220581639,
210044187,
199997915,
190420527,
181290710,
172588093,
164293205,
156387439,
148853012,
141672931,
134830959,
128311582,
122099980,
116181991,
110544090,
105173358,
100057453,
95184588,
90543510,
86123467,
81914197,
77905899,
74089217,
70455217,
66995372,
63701541,
60565955,
57581198,
54740191