144109324228583190,
144074146298158946,
144003816196631086,
143898385411205978,
143757931094159654,
143582555968747822,
143372388204002617,
143127581258629696,
142848313694271846,
142534788958457187,
142187235137601323,
141805904680483221,
141391074092664103,
140943043602367177,
140462136798383352,
139948700240614249,
139403103043908645,
138825736435891845,
138217013289529386,
137577367631206757,
136907254125145401,
136207147535012144,
135477542163614183,
134718951271604874,
133931906476156756,
133116957130587307,
132274669685950051,
131405627035628511,
130510427843993305,
129589685860203221,
128644029218249458,
127674099724358264,
126680552132881025,
125664053411812323,
124625281999085693,
123564927050803706,
122483687682563566,
121382272205041719,
120261397355000977,
119121787522881411,
117964173978131754,
116789294093431408,
115597890568944212,
114390710657734185,
113168505393460315,
111932028821452372,
110682037234252577,
109419288412688913,
108144540873524974,
106858553124708504,
105562082929216349,
104255886578467439,
102940718176247735,
101617328934061883,
100286466478795702,
98948874173541714,
97605290452406691,
96256448170085867,
94903073966953015,
93545887650379183,
92185601592955592,
90822920148258098,
89458539084751819,
88093145038395156,
86727414984462504,
85362015729064621,
83997603420804997,
82634823082969667,
81274308166606900,
79916680124812158,
78562548008492666,
77212508083845101,
75867143471739212,
74527023809159852,
73192704932819934,
71864728585017310,
70543622141769668,
69229898363223148,
67924055166292821,
66626575419456244,
65337926759585297,
64058561430666358,
62788916144224684,
61529411961235654,
60280454195273452,
59042432336616726,
57815719997000911,
56600674874678253,
55397638739419162,
54206937437062343,
53028880913196341,
51863763255531607,
50711862754500010,
49573441981597948,
48448747884969795,
47338011901710387,
46241450086348684,
45159263254959520,
44091637144336580,
43038742585647382,
42000735691980055,
40977758059182153,
39969936979383531,
38977385666588523,
38000203493717145,
37038476240470966,
36092276351396381,
35161663203516543,
34246683382902839,
33347370969557755,
32463747829983063,
31595823916810513,
30743597574876601,
29907055853128409,
29086174821754025,
28280919893938503,
27491246151654773,
26717098674908247,
25958412873864058,
25215114823296907,
24487121598815264,
23774341614324198,
23076674960204287,
22394013741697883,
21726242417008401,
21073238134633234,
20434871069466304,
19811004757222107,
19201496426749354,
18606197329818895,
18024953067987470,
17457603916155998,
16903985142458394,
16363927324134467,
15837256659058009,
15323795272608906,
14823361519595845,
14335770280953889,
13860833254958895,
13398359242718366,
12948154427715801,
12510022649202991,
12083765669251835,
11669183433294238,
11266074323995370,
10874235408321981,
10493462677683673,
10123551281040803,
9764295750888236,
9415490222039258,
9076928643148712,
8748404980928762,
8429713417024601,
8120648537530920,
7821005515142962,
7530580283948602,
7249169706879966,
6976571735854744,
6712585564648497,
6457011774549896,
6209652472860983,
5970311424314207,
5738794175487111,
5514908172304209,
5298462870723739,
5089269840714589,
4887142863635878,
4691898023138278,
4503353789712367,
4321331099014948,
4145653424109483,
3976146841761531,
3812640092934334,
3654964637633533,
3502954704253389,
3356447333579795,
3215282417607953,
3079302733334685,
2948353971687082,
2822284761750567,
2700946690460414,
2584194317921391,
2471885188520512,
2363879837997794,
2260041796639616,
2160237588758580,
2064336728622861,
1972211712996823,
1883738010453206,
1798794047615493,
1717261192487137,
1639023735022160,
1563968865089333,
1491986647979587,
1422969997603601,
1356814647523701,
1293419119961143,
1232684692916771,
1174515365539762,
1118817821875836,
1065501393122838,
1014478018518078,
965662204978232,
918970985608897,
874323877197251,
831642836797451,
790852217514681,
751878723589934,
714651364883817,
679101410853858,
645162344116004,
612769813677183,
581861587922088,
552377507433552,
524259437722228,
497451221937596,
471898633628746,
447549329619777,
424352803061213,
402260336715344,
381224956530066,
361201385552474,
342145998230243,
324016775145671,
306773258224208,
290376506456269,
274789052168272,
259974857875968,
245899273750447,
232528995724518,
219832024264644,
207777623831107,
196336283046746,
185479675592284,
175180621844111,
165413051268234,
156151965582147,
147373402694405,
139054401429868,
131172967046841,
123708037550639,
116639450806580,
109947912453857,
103614964620370,
97622955437247,
91955009350531,
86594998226336,
81527513244665,
76737837576071,
72211919834357,
67936348297639,
63898325889275,
60085645909383,
56486668507006,
53090297882307,
49885960207639,
46863582255774,
44013570723135,
41326792235443,
38794554022816,
36408585251053,
34161018995538,
32044374843980,
30051542114003,
28175763671438,
26410620335072,
24750015853483,
23188162439591,
21719566848479,
20339016984082,
19041569020360,
17822535022624,
16677471054785,
15602165758376,
14592629389336,
13645083298687,
12755949843377,
11921842713767,
11139557664392,
10406063634869,
9718494247993,
9074139672336,
8470438836847,
7904971985236,
7375453558144,
6879725391372,
6415750218690,
5981605468034,
5575477340122,
5195655158856,
4840525983079,
4508569469578,
4198352977493,
3908526904528,
3637820245693,
3385036365516,
3149048974989,
2928798304739,
2723287466209,
2531578992870,
2352791553774,
2186096831991,
2030716560736,
1885919710228,
1751019818588,
1625372460295,
1508372845977,
1399453547518,
1298082342718,
1203760173928,
1116019215313,
1034421043609,
958554907429,
888036090384,
822504363448,
761622522241,
705075005004,
652566587300,
603821149564,
558580513872,
516603346368,
477664122038,
441552148583,
408070646340,
377035881327,
348276348609,
321632003320,
296953536805,
274101695458,
252946639947,
233367342627,
215251021060,
198492605643,
182994239458,
168664808544,
155419500890,
143179392513,
131871059104,
121426211753,
111781355400,
102877468666,
94659703848,
87077105883,
80082349163,
73631491158,
67683741841,
62201247956,
57148891265,
52494099901,
48206672042,
44258611163,
40623972130,
37278717488,
34200583304,
31368953961,
28764745354,
26370295947,
24169265203,
22146538907,
20288140953,
18581151166,
17013628782,
15574541212,
14253697738,
13041687840,
11929823821,
10910087470,
9975080476,
9117978357,
8332487659,
7612806206,
6953586204,
6349899982,
5797208226,
5291330492,
4828417880,
4404927696,
4017599970,
3663435700,
3339676708,
3043786982,
2773435410,
2526479800,
2300952098,
2095044722,
1907097917,
1735588081,
1579116964,
1436401707,
1306265628,
1187629726,
1079504836,
980984395,
891237760,
809504060,
735086518,
667347221,
605702309,
549617529,
498604156,
452215231,
410042102,
371711237,
336881298,
305240452,
276503890,
250411562,
226726081,
205230810,
185728098,
168037664,
151995116,
137450589,
124267496,
112321389